% logfile for Python side
% 1 time (sec)
% 2 Mission state
% 3,4,5 (x,y,h) (m,m,rad)
% 6 Camera frame count
% 7-9 Line sensor: line position, e*kp, control y (rad/s), validCnt
%     Line sensor: Kp=1.0, tau_z=0.8s, tau_p=0.25s
% 10,11 trip A (distance and heading change)
% 12,13 trip B (distance and heading change)
% 1774020097.1829157 robobot/cmd/ti alive 2026-03-20 16:21:37.136012
% 1774020097.1832745 robobot/cmd/ti log 1
1774020097.257159 0 -0.001 -0.000 0.236 0 0.00 0.00 0.000 0.000 0 0.000 0.236 0.0000 0.2363
1774020097.3419757 0 -0.001 -0.000 0.236 0 0.00 0.00 0.000 0.000 0 0.000 0.236 0.0000 0.2363
1774020097.3445334 0 -0.001 -0.000 0.236 0 0.00 0.00 0.000 0.000 0 0.000 0.236 0.0000 0.2363
1774020097.348628 0 -0.001 -0.000 0.236 0 0.00 0.00 0.000 0.000 0 0.000 0.236 0.0000 0.2363
1774020097.4180284 0 -0.001 -0.000 0.236 0 0.00 0.00 0.000 0.000 0 0.000 0.236 0.0000 0.2363
1774020097.4184296 0 -0.001 -0.000 0.236 0 0.00 0.00 0.000 0.000 0 0.000 0.236 0.0000 0.2363
1774020097.466814 0 -0.001 -0.000 0.236 0 0.00 0.00 0.000 0.000 0 0.000 0.236 0.0000 0.2363
1774020097.542026 0 -0.001 -0.000 0.236 0 0.00 0.00 0.000 0.000 0 0.000 0.236 0.0000 0.2363
1774020097.542324 0 -0.001 -0.000 0.236 0 0.00 0.00 0.000 0.000 0 0.000 0.236 0.0000 0.2363
1774020097.545574 0 -0.001 -0.000 0.236 0 0.00 0.00 0.000 0.000 0 0.000 0.236 0.0000 0.2363
1774020097.610836 0 -0.001 -0.000 0.236 0 0.00 0.00 0.000 0.000 0 0.000 0.236 0.0000 0.2363
1774020097.6122084 0 -0.001 -0.000 0.236 0 0.00 0.00 0.000 0.000 0 0.000 0.236 0.0000 0.2363
1774020097.659584 0 -0.001 -0.000 0.236 0 0.00 0.00 0.000 0.000 0 0.000 0.236 0.0000 0.2363
1774020097.7199383 0 -0.001 -0.000 0.236 0 0.00 0.00 0.000 0.000 0 0.000 0.236 0.0000 0.2363
1774020097.7202072 0 -0.001 -0.000 0.236 0 0.00 0.00 0.000 0.000 0 0.000 0.236 0.0000 0.2363
1774020097.763786 0 -0.001 -0.000 0.236 0 0.00 0.00 0.000 0.000 0 0.000 0.236 0.0000 0.2363
% 1774020097.7752135 robobot/cmd/ti alive 2026-03-20 16:21:37.136012
1774020097.7823489 0 -0.001 -0.000 0.236 0 0.00 0.00 0.000 0.000 0 0.000 0.236 0.0000 0.2363
% 1774020097.811345 robobot/cmd/T0 enc0
% 1774020097.8146362 robobot/cmd/T0 confw 0.074 0.074 19 68 0.23
% 1774020097.8205879 robobot/cmd/T0 confi
1774020097.8243186 0 -0.001 -0.000 0.236 0 0.00 0.00 0.000 0.000 0 0.000 0.236 0.0000 0.2363
1774020097.8511543 0 0.000 0.000 0.000 0 0.00 0.00 0.000 0.000 0 0.000 0.000 0.0000 0.0000
1774020097.9023154 0 0.000 0.000 0.000 0 0.00 0.00 0.000 0.000 0 0.000 0.000 0.0000 0.0000
1774020097.9026175 0 0.000 0.000 0.000 0 0.00 0.00 0.000 0.000 0 0.000 0.000 0.0000 0.0000
1774020097.9659576 0 0.000 0.000 0.000 0 0.00 0.00 0.000 0.000 0 0.000 0.000 0.0000 0.0000
1774020097.9937801 0 0.000 0.000 0.000 0 0.00 0.00 0.000 0.000 0 0.000 0.000 0.0000 0.0000
1774020097.994149 0 0.000 0.000 0.000 0 0.00 0.00 0.000 0.000 0 0.000 0.000 0.0000 0.0000
% 1774020098.0002084 robobot/cmd/T0 lip 1
% 1774020098.00087 robobot/cmd/T0 sub livn 10
% 1774020098.0285192 robobot/cmd/T0 liwi
1774020098.0429487 0 0.000 0.000 0.000 1 0.00 0.00 0.000 0.000 0 0.000 0.000 0.0000 0.0000
% 1774020098.0523891 robobot/cmd/ti rc 0.0 0.0
1774020098.0954752 0 0.000 0.000 0.000 1 0.00 0.00 0.000 0.000 0 0.000 0.000 0.0000 0.0000
1774020098.0957623 0 0.000 0.000 0.000 1 0.00 0.00 0.000 0.000 0 0.000 0.000 0.0000 0.0000
% 1774020098.1040175 robobot/cmd/ti rc 0 0.1
1774020098.1543648 0 0.000 0.000 0.000 1 0.00 0.00 0.000 0.000 0 0.000 0.000 0.0000 0.0000
% 1774020098.1601994 robobot/cmd/ti rc 0 0.1
1774020098.1951225 0 0.000 0.000 0.000 1 0.00 0.00 0.000 0.000 0 0.000 0.000 0.0000 0.0000
1774020098.1955705 0 0.000 0.000 0.000 1 0.00 0.00 0.000 0.000 0 0.000 0.000 0.0000 0.0000
% 1774020098.216835 robobot/cmd/ti rc 0 0.1
1774020098.2397978 0 0.000 0.000 0.000 1 0.00 0.00 0.000 0.000 0 0.000 0.000 0.0000 0.0000
% 1774020098.2687855 robobot/cmd/ti rc 0 0.1
% 1774020098.3014336 robobot/cmd/ti alive 2026-03-20 16:21:37.136012
1774020098.3032525 0 0.000 0.000 0.000 1 0.00 0.00 0.000 0.000 0 0.000 0.000 0.0000 0.0000
1774020098.3035014 0 0.000 0.000 0.000 1 0.00 0.00 0.000 0.000 0 0.000 0.000 0.0000 0.0000
% 1774020098.3221502 robobot/cmd/ti rc 0 0.1
% 1774020098.3750837 robobot/cmd/ti rc 0 0.1
1774020098.40909 0 0.000 0.000 0.000 1 0.00 0.00 0.000 0.000 0 0.000 0.000 0.0000 0.0000
% 1774020098.426404 robobot/cmd/ti rc 0 0.1
1774020098.4340992 0 0.000 0.000 0.002 2 0.00 0.00 0.000 0.000 0 0.000 0.002 0.0000 0.0016
1774020098.4345274 0 0.000 0.000 0.002 2 0.00 0.00 0.000 0.000 0 0.000 0.002 0.0000 0.0016
1774020098.4694273 0 0.000 0.000 0.002 2 0.00 0.00 0.000 0.000 0 0.000 0.002 0.0000 0.0016
% 1774020098.4792106 robobot/cmd/ti rc 0 0.1
1774020098.5083735 0 0.001 0.000 0.009 2 0.00 0.00 0.000 0.000 0 0.000 0.009 0.0000 0.0094
1774020098.5085895 0 0.001 0.000 0.011 2 0.00 0.00 0.000 0.000 0 0.000 0.011 0.0000 0.0110
% 1774020098.5300305 robobot/cmd/ti rc 0 0.1
1774020098.5787618 0 0.000 -0.000 0.019 2 0.00 0.00 0.000 0.000 0 0.001 0.019 0.0005 0.0188
% 1774020098.581159 robobot/cmd/ti rc 0 0.1
1774020098.5906625 0 0.000 -0.000 0.020 2 0.00 0.00 0.000 0.000 0 0.001 0.020 0.0006 0.0203
1774020098.6239896 0 0.000 -0.000 0.020 2 0.00 0.00 0.000 0.000 0 0.001 0.020 0.0006 0.0203
% 1774020098.6321068 robobot/cmd/ti rc 0 0.1
1774020098.6589084 0 0.000 -0.000 0.020 2 0.00 0.00 0.000 0.000 0 0.001 0.020 0.0005 0.0203
% 1774020098.6828341 robobot/cmd/ti rc 0 0.1
1774020098.7024736 0 0.000 -0.000 0.020 2 0.00 0.00 0.000 0.000 0 0.001 0.020 0.0005 0.0203
1774020098.702702 0 0.000 -0.000 0.020 2 0.00 0.00 0.000 0.000 0 0.001 0.020 0.0005 0.0203
% 1774020098.7337997 robobot/cmd/ti rc 0 0.1
1774020098.76273 0 0.000 -0.000 0.020 2 0.00 0.00 0.000 0.000 0 0.001 0.020 0.0005 0.0203
% 1774020098.7849696 robobot/cmd/ti rc 0 0.1
% 1774020098.8159757 robobot/cmd/ti alive 2026-03-20 16:21:37.136012
% 1774020098.8356242 robobot/cmd/ti rc 0 0.1
1774020098.8503938 0 0.000 -0.000 0.020 3 0.00 0.00 0.000 0.000 0 0.001 0.020 0.0005 0.0203
1774020098.850819 0 0.000 -0.000 0.020 3 0.00 0.00 0.000 0.000 0 0.001 0.020 0.0005 0.0203
1774020098.8754196 0 0.000 -0.000 0.020 3 0.00 0.00 0.000 0.000 0 0.001 0.020 0.0006 0.0203
% 1774020098.8863213 robobot/cmd/ti rc 0 0.1
1774020098.8993876 0 0.000 -0.000 0.020 3 0.00 0.00 0.000 0.000 0 0.001 0.020 0.0007 0.0203
1774020098.899591 0 0.000 -0.000 0.020 3 0.00 0.00 0.000 0.000 0 0.001 0.020 0.0007 0.0203
% 1774020098.937093 robobot/cmd/ti rc 0 0.1
% 1774020098.9881198 robobot/cmd/ti rc 0 0.1
1774020099.025932 0 0.000 -0.000 0.022 3 0.00 0.00 0.000 0.000 0 0.001 0.022 0.0007 0.0219
1774020099.0295146 0 0.000 -0.000 0.022 3 0.00 0.00 0.000 0.000 0 0.001 0.022 0.0007 0.0219
1774020099.0301578 0 0.000 -0.000 0.022 3 0.00 0.00 0.000 0.000 0 0.001 0.022 0.0007 0.0219
% 1774020099.0391629 robobot/cmd/ti rc 0 0.1
1774020099.08628 0 0.000 -0.000 0.022 3 0.00 0.00 0.000 0.000 0 0.001 0.022 0.0007 0.0219
% 1774020099.090574 robobot/cmd/ti rc 0 0.1
1774020099.1007655 0 0.000 -0.000 0.022 3 0.00 0.00 0.000 0.000 0 0.001 0.022 0.0007 0.0219
1774020099.1010895 0 0.000 -0.000 0.022 3 0.00 0.00 0.000 0.000 0 0.001 0.022 0.0007 0.0219
% 1774020099.1418595 robobot/cmd/ti rc 0 0.1
1774020099.1691039 0 0.000 -0.000 0.024 3 0.00 0.00 0.000 0.000 0 -0.003 0.024 -0.0030 0.0235
% 1774020099.2027752 robobot/cmd/ti rc 0 0.1
1774020099.2521522 0 0.002 0.000 0.027 4 0.00 0.00 0.000 0.000 0 -0.002 0.027 -0.0019 0.0266
1774020099.2524204 0 0.001 0.000 0.030 4 0.00 0.00 0.000 0.000 0 -0.002 0.030 -0.0022 0.0297
% 1774020099.2535894 robobot/cmd/ti rc 0 0.1
1774020099.2554555 0 0.002 0.000 0.034 4 0.00 0.00 0.000 0.000 0 -0.001 0.034 -0.0014 0.0344
% 1774020099.3045201 robobot/cmd/ti rc 0 0.1
% 1774020099.3195105 robobot/cmd/ti alive 2026-03-20 16:21:37.136012
1774020099.356844 0 0.002 0.000 0.036 4 0.00 0.00 0.000 0.000 0 -0.001 0.036 -0.0011 0.0360
% 1774020099.3570101 robobot/cmd/ti rc 0 0.1
1774020099.3575308 0 0.002 0.000 0.036 4 0.00 0.00 0.000 0.000 0 -0.001 0.036 -0.0011 0.0360
1774020099.3968673 0 0.002 0.000 0.036 4 0.00 0.00 0.000 0.000 0 -0.001 0.036 -0.0009 0.0360
1774020099.3997107 0 0.002 0.000 0.036 4 0.00 0.00 0.000 0.000 0 -0.001 0.036 -0.0008 0.0360
1774020099.4005423 0 0.002 0.000 0.036 4 0.00 0.00 0.000 0.000 0 -0.001 0.036 -0.0008 0.0360
% 1774020099.408222 robobot/cmd/ti rc 0 0.1
1774020099.457083 0 0.002 0.000 0.036 4 0.00 0.00 0.000 0.000 0 -0.001 0.036 -0.0007 0.0360
% 1774020099.459221 robobot/cmd/ti rc 0 0.1
1774020099.5061474 0 0.002 0.000 0.036 4 0.00 0.00 0.000 0.000 0 -0.001 0.036 -0.0007 0.0360
1774020099.5065517 0 0.002 0.000 0.036 4 0.00 0.00 0.000 0.000 0 -0.001 0.036 -0.0007 0.0360
% 1774020099.5113347 robobot/cmd/ti rc 0 0.1
% 1774020099.562947 robobot/cmd/ti rc 0 0.1
1774020099.5661142 0 0.002 0.000 0.036 4 0.00 0.00 0.000 0.000 0 -0.001 0.036 -0.0006 0.0360
1774020099.5918117 0 0.002 0.000 0.038 5 0.00 0.00 0.000 0.000 0 -0.001 0.038 -0.0006 0.0376
% 1774020099.6151693 robobot/cmd/ti rc 0 0.1
1774020099.6248825 0 0.002 0.000 0.038 5 0.00 0.00 0.000 0.000 0 -0.001 0.038 -0.0006 0.0376
1774020099.638377 0 0.002 0.000 0.038 5 0.00 0.00 0.000 0.000 0 -0.001 0.038 -0.0006 0.0376
% 1774020099.6659172 robobot/cmd/ti rc 0 0.1
1774020099.697742 0 0.002 0.000 0.039 5 0.00 0.00 0.000 0.000 0 -0.001 0.039 -0.0006 0.0391
1774020099.698097 0 0.002 0.000 0.039 5 0.00 0.00 0.000 0.000 0 -0.001 0.039 -0.0006 0.0391
% 1774020099.7168684 robobot/cmd/ti rc 0 0.1
1774020099.7381957 0 0.003 0.000 0.041 5 0.00 0.00 0.000 0.000 0 -0.000 0.041 -0.0005 0.0407
% 1774020099.7675903 robobot/cmd/ti rc 0 0.1
1774020099.7846148 0 0.002 0.000 0.042 5 0.00 0.00 0.000 0.000 0 -0.000 0.042 -0.0004 0.0422
1774020099.7859259 0 0.002 0.000 0.042 5 0.00 0.00 0.000 0.000 0 -0.000 0.042 -0.0004 0.0422
% 1774020099.8188653 robobot/cmd/ti rc 0 0.1
% 1774020099.8260286 robobot/cmd/ti alive 2026-03-20 16:21:37.136012
1774020099.854635 0 0.002 0.000 0.042 5 0.00 0.00 0.000 0.000 0 -0.000 0.042 -0.0003 0.0422
% 1774020099.8697593 robobot/cmd/ti rc 0 0.1
1774020099.893886 0 0.002 0.000 0.042 5 0.00 0.00 0.000 0.000 0 -0.000 0.042 -0.0003 0.0422
1774020099.8942697 0 0.002 0.000 0.042 5 0.00 0.00 0.000 0.000 0 -0.000 0.042 -0.0003 0.0422
% 1774020099.9207857 robobot/cmd/ti rc 0 0.1
1774020099.954608 0 0.002 0.000 0.047 5 0.00 0.00 0.000 0.000 0 -0.000 0.047 -0.0002 0.0469
% 1774020099.9719982 robobot/cmd/ti rc 0 0.1
1774020100.005874 0 0.001 -0.000 0.053 6 0.00 0.00 0.000 0.000 0 -0.000 0.053 -0.0003 0.0532
1774020100.0065572 0 0.001 -0.000 0.056 6 0.00 0.00 0.000 0.000 0 -0.000 0.056 -0.0004 0.0563
% 1774020100.0230389 robobot/cmd/ti rc 0 0.1
1774020100.054733 0 0.001 -0.000 0.073 6 0.00 0.00 0.000 0.000 0 -0.001 0.073 -0.0011 0.0735
% 1774020100.0740387 robobot/cmd/ti rc 0 0.1
1774020100.0825815 0 0.001 0.000 0.088 6 0.00 0.00 0.000 0.000 0 -0.001 0.088 -0.0012 0.0876
1774020100.1060898 0 0.001 0.000 0.091 6 0.00 0.00 0.000 0.000 0 -0.001 0.091 -0.0012 0.0908
% 1774020100.1252759 robobot/cmd/ti rc 0 0.1
1774020100.1532152 0 0.002 0.000 0.108 6 0.00 0.00 0.000 0.000 0 -0.001 0.108 -0.0009 0.1080
% 1774020100.1772041 robobot/cmd/ti rc 0 0.1
1774020100.2150335 0 0.002 0.000 0.117 6 0.00 0.00 0.000 0.000 0 -0.001 0.117 -0.0008 0.1173
1774020100.2153869 0 0.001 0.000 0.119 6 0.00 0.00 0.000 0.000 0 -0.001 0.119 -0.0007 0.1189
% 1774020100.229466 robobot/cmd/ti rc 0 0.1
% 1774020100.2805388 robobot/cmd/ti rc 0 0.1
1774020100.2883146 0 0.001 0.000 0.119 6 0.00 0.00 0.000 0.000 0 -0.001 0.119 -0.0008 0.1189
1774020100.2999725 0 0.001 0.000 0.119 6 0.00 0.00 0.000 0.000 0 -0.001 0.119 -0.0008 0.1189
1774020100.3004065 0 0.001 0.000 0.119 6 0.00 0.00 0.000 0.000 0 -0.001 0.119 -0.0008 0.1189
% 1774020100.330335 robobot/cmd/ti alive 2026-03-20 16:21:37.136012
% 1774020100.3311565 robobot/cmd/ti rc 0 0.1
1774020100.3600745 0 0.001 0.000 0.119 6 0.00 0.00 0.000 0.000 0 -0.001 0.119 -0.0009 0.1189
% 1774020100.3835554 robobot/cmd/ti rc 0 0.1
1774020100.3880973 0 0.001 0.000 0.119 7 0.00 0.00 0.000 0.000 0 -0.001 0.119 -0.0009 0.1189
1774020100.3895361 0 0.001 0.000 0.119 7 0.00 0.00 0.000 0.000 0 -0.001 0.119 -0.0009 0.1189
% 1774020100.4350736 robobot/cmd/ti rc 0 0.1
1774020100.4550025 0 0.001 0.000 0.119 7 0.00 0.00 0.000 0.000 0 -0.001 0.119 -0.0009 0.1189
% 1774020100.4858873 robobot/cmd/ti rc 0 0.1
1774020100.509656 0 0.001 0.000 0.119 7 0.00 0.00 0.000 0.000 0 -0.001 0.119 -0.0009 0.1189
1774020100.5101242 0 0.001 0.000 0.119 7 0.00 0.00 0.000 0.000 0 -0.001 0.119 -0.0009 0.1189
% 1774020100.5369081 robobot/cmd/ti rc 0 0.1
1774020100.563461 0 0.001 0.000 0.119 7 0.00 0.00 0.000 0.000 0 -0.001 0.119 -0.0009 0.1189
% 1774020100.588099 robobot/cmd/ti rc 0 0.1
1774020100.5935063 0 0.001 0.000 0.122 7 0.00 0.00 0.000 0.000 0 -0.001 0.122 -0.0009 0.1220
1774020100.594177 0 0.001 0.000 0.122 7 0.00 0.00 0.000 0.000 0 -0.001 0.122 -0.0009 0.1220
% 1774020100.6402764 robobot/cmd/ti rc 0 0.1
1774020100.6412659 0 0.001 -0.000 0.124 7 0.00 0.00 0.000 0.000 0 -0.001 0.124 -0.0009 0.1236
% 1774020100.691605 robobot/cmd/ti rc 0 0.1
1774020100.6969566 0 0.001 -0.000 0.130 7 0.00 0.00 0.000 0.000 0 -0.001 0.130 -0.0009 0.1299
1774020100.697481 0 0.001 -0.000 0.133 7 0.00 0.00 0.000 0.000 0 -0.001 0.133 -0.0009 0.1330
% 1774020100.7429397 robobot/cmd/ti rc 0 0.1
1774020100.765353 0 0.001 0.000 0.144 7 0.00 0.00 0.000 0.000 0 -0.001 0.144 -0.0009 0.1439
1774020100.7934337 0 0.002 0.000 0.153 8 0.00 0.00 0.000 0.000 0 -0.001 0.153 -0.0008 0.1533
1774020100.7941039 0 0.002 0.000 0.155 8 0.00 0.00 0.000 0.000 0 -0.001 0.155 -0.0007 0.1549
% 1774020100.7977579 robobot/cmd/ti rc 0 0.1
% 1774020100.8362625 robobot/cmd/ti alive 2026-03-20 16:21:37.136012
1774020100.8405423 0 0.002 0.000 0.164 8 0.00 0.00 0.000 0.000 0 -0.001 0.164 -0.0006 0.1643
% 1774020100.84866 robobot/cmd/ti rc 0 0.1
1774020100.888935 0 0.002 0.000 0.164 8 0.00 0.00 0.000 0.000 0 -0.001 0.164 -0.0006 0.1643
1774020100.8895714 0 0.002 0.000 0.164 8 0.00 0.00 0.000 0.000 0 -0.001 0.164 -0.0006 0.1643
% 1774020100.8995967 robobot/cmd/ti rc 0 0.1
% 1774020100.9507072 robobot/cmd/ti rc 0 0.1
1774020100.9754434 0 0.002 0.000 0.166 8 0.00 0.00 0.000 0.000 0 -0.001 0.166 -0.0006 0.1659
1774020100.9807227 0 0.002 0.000 0.166 8 0.00 0.00 0.000 0.000 0 -0.001 0.166 -0.0006 0.1659
% 1774020101.0025327 robobot/cmd/ti rc 0 0.1
1774020101.0075557 0 0.002 0.000 0.166 8 0.00 0.00 0.000 0.000 0 -0.001 0.166 -0.0006 0.1659
% 1774020101.053223 robobot/cmd/ti rc 0 0.1
1774020101.0570455 0 0.002 0.000 0.166 8 0.00 0.00 0.000 0.000 0 -0.001 0.166 -0.0006 0.1659
1774020101.0816398 0 0.002 0.000 0.167 8 0.00 0.00 0.000 0.000 0 -0.001 0.167 -0.0005 0.1674
% 1774020101.1040816 robobot/cmd/ti rc 0 0.1
1774020101.104963 0 0.002 0.000 0.167 8 0.00 0.00 0.000 0.000 0 -0.001 0.167 -0.0005 0.1674
% 1774020101.155756 robobot/cmd/ti rc 0 0.1
1774020101.1559155 0 0.003 0.000 0.172 8 0.00 0.00 0.000 0.000 0 -0.000 0.172 -0.0005 0.1721
1774020101.1994495 0 0.002 0.000 0.174 9 0.00 0.00 0.000 0.000 0 -0.000 0.174 -0.0005 0.1737
1774020101.200018 0 0.002 0.000 0.174 9 0.00 0.00 0.000 0.000 0 -0.000 0.174 -0.0005 0.1737
% 1774020101.2088048 robobot/cmd/ti rc 0 0.1
1774020101.2476375 0 0.002 0.000 0.174 9 0.00 0.00 0.000 0.000 0 -0.000 0.174 -0.0004 0.1737
% 1774020101.2597837 robobot/cmd/ti rc 0 0.1
1774020101.2964857 0 0.002 0.000 0.177 9 0.00 0.00 0.000 0.000 0 -0.000 0.177 -0.0004 0.1768
1774020101.2968378 0 0.002 0.000 0.178 9 0.00 0.00 0.000 0.000 0 -0.000 0.178 -0.0004 0.1784
% 1774020101.3109915 robobot/cmd/ti rc 0 0.1
% 1774020101.340459 robobot/cmd/ti alive 2026-03-20 16:21:37.136012
1774020101.3540184 0 0.001 -0.000 0.185 9 0.00 0.00 0.000 0.000 0 -0.000 0.185 -0.0004 0.1846
% 1774020101.364099 robobot/cmd/ti rc 0 0.1
1774020101.3990574 0 0.001 -0.000 0.194 9 0.00 0.00 0.000 0.000 0 -0.001 0.194 -0.0007 0.1940
1774020101.399652 0 0.002 0.000 0.196 9 0.00 0.00 0.000 0.000 0 -0.001 0.196 -0.0008 0.1956
% 1774020101.4150994 robobot/cmd/ti rc 0 0.1
1774020101.4602842 0 0.001 -0.000 0.202 9 0.00 0.00 0.000 0.000 0 -0.001 0.202 -0.0012 0.2018
% 1774020101.4663382 robobot/cmd/ti rc 0 0.1
1774020101.4915504 0 0.001 -0.000 0.203 9 0.00 0.00 0.000 0.000 0 -0.001 0.203 -0.0013 0.2034
1774020101.500589 0 0.001 -0.000 0.203 9 0.00 0.00 0.000 0.000 0 -0.001 0.203 -0.0013 0.2034
% 1774020101.5174253 robobot/cmd/ti rc 0 0.1
1774020101.5632722 0 0.001 -0.000 0.203 9 0.00 0.00 0.000 0.000 0 -0.001 0.203 -0.0013 0.2034
% 1774020101.5692668 robobot/cmd/ti rc 0 0.1
1774020101.5926392 0 0.001 -0.000 0.203 10 0.00 0.00 0.000 0.000 0 -0.001 0.203 -0.0013 0.2034
1774020101.5931137 0 0.001 -0.000 0.203 10 0.00 0.00 0.000 0.000 0 -0.001 0.203 -0.0013 0.2034
% 1774020101.620231 robobot/cmd/ti rc 0 0.1
1774020101.6441681 0 0.001 -0.000 0.203 10 0.00 0.00 0.000 0.000 0 -0.001 0.203 -0.0013 0.2034
% 1774020101.671469 robobot/cmd/ti rc 0 0.1
1774020101.7000344 0 0.001 -0.000 0.203 10 0.00 0.00 0.000 0.000 0 -0.001 0.203 -0.0013 0.2034
1774020101.7003791 0 0.001 -0.000 0.203 10 0.00 0.00 0.000 0.000 0 -0.001 0.203 -0.0013 0.2034
% 1774020101.7221792 robobot/cmd/ti rc 0 0.1
1774020101.7425582 0 0.001 -0.000 0.203 10 0.00 0.00 0.000 0.000 0 -0.001 0.203 -0.0013 0.2034
% 1774020101.7732184 robobot/cmd/ti rc 0 0.1
1774020101.793876 0 0.001 -0.000 0.203 10 0.00 0.00 0.000 0.000 0 -0.001 0.203 -0.0013 0.2034
1774020101.7943935 0 0.001 -0.000 0.203 10 0.00 0.00 0.000 0.000 0 -0.001 0.203 -0.0013 0.2034
% 1774020101.8248763 robobot/cmd/ti rc 0 0.1
% 1774020101.8456507 robobot/cmd/ti alive 2026-03-20 16:21:37.136012
1774020101.860181 0 0.002 0.000 0.205 10 0.00 0.00 0.000 0.000 0 -0.001 0.205 -0.0013 0.2050
% 1774020101.876118 robobot/cmd/ti rc 0 0.1
1774020101.8969235 0 0.001 -0.000 0.206 10 0.00 0.00 0.000 0.000 0 -0.001 0.206 -0.0013 0.2065
1774020101.8972507 0 0.001 -0.000 0.206 10 0.00 0.00 0.000 0.000 0 -0.001 0.206 -0.0013 0.2065
% 1774020101.92908 robobot/cmd/ti rc 0 0.1
1774020101.9768572 0 0.002 0.000 0.208 10 0.00 0.00 0.000 0.000 0 -0.001 0.208 -0.0013 0.2081
% 1774020101.9803553 robobot/cmd/ti rc 0 0.1
1774020101.98436 0 0.002 0.000 0.214 11 0.00 0.00 0.000 0.000 0 -0.001 0.214 -0.0013 0.2144
1774020102.0083427 0 0.002 0.000 0.214 11 0.00 0.00 0.000 0.000 0 -0.001 0.214 -0.0012 0.2144
% 1774020102.0319295 robobot/cmd/ti rc 0 0.1
1774020102.0649767 0 0.002 0.000 0.232 11 0.00 0.00 0.000 0.000 0 -0.001 0.232 -0.0008 0.2316
% 1774020102.0828562 robobot/cmd/ti rc 0 0.1
1774020102.0959044 0 0.003 0.000 0.246 11 0.00 0.00 0.000 0.000 0 -0.000 0.246 -0.0002 0.2457
1774020102.0962389 0 0.003 0.000 0.249 11 0.00 0.00 0.000 0.000 0 -0.000 0.249 -0.0002 0.2488
% 1774020102.1337628 robobot/cmd/ti rc 0 0.1
1774020102.1565504 0 0.003 0.000 0.261 11 0.00 0.00 0.000 0.000 0 -0.000 0.261 -0.0001 0.2613
% 1774020102.184758 robobot/cmd/ti rc 0 0.1
1774020102.1883311 0 0.002 0.000 0.263 11 0.00 0.00 0.000 0.000 0 -0.000 0.263 -0.0001 0.2629
1774020102.1973457 0 0.002 0.000 0.263 11 0.00 0.00 0.000 0.000 0 -0.000 0.263 -0.0001 0.2629
% 1774020102.2357476 robobot/cmd/ti rc 0 0.1
1774020102.2503629 0 0.002 0.000 0.263 11 0.00 0.00 0.000 0.000 0 -0.000 0.263 -0.0002 0.2629
% 1774020102.2868457 robobot/cmd/ti rc 0 0.1
1774020102.2908492 0 0.002 0.000 0.263 11 0.00 0.00 0.000 0.000 0 -0.000 0.263 -0.0002 0.2629
1774020102.3145995 0 0.002 0.000 0.263 11 0.00 0.00 0.000 0.000 0 -0.000 0.263 -0.0002 0.2629
% 1774020102.3378437 robobot/cmd/ti rc 0 0.1
% 1774020102.3507497 robobot/cmd/ti alive 2026-03-20 16:21:37.136012
1774020102.357208 0 0.002 0.000 0.263 11 0.00 0.00 0.000 0.000 0 -0.000 0.263 -0.0002 0.2629
1774020102.3887715 0 0.002 0.000 0.264 12 0.00 0.00 0.000 0.000 0 -0.001 0.264 -0.0008 0.2644
% 1774020102.3927917 robobot/cmd/ti rc 0 0.1
1774020102.3979726 0 0.002 0.000 0.264 12 0.00 0.00 0.000 0.000 0 -0.001 0.264 -0.0008 0.2644
% 1774020102.444469 robobot/cmd/ti rc 0 0.1
1774020102.4550052 0 0.002 0.000 0.264 12 0.00 0.00 0.000 0.000 0 -0.001 0.264 -0.0011 0.2644
1774020102.4905913 0 0.002 0.000 0.264 12 0.00 0.00 0.000 0.000 0 -0.001 0.264 -0.0012 0.2644
% 1774020102.4954946 robobot/cmd/ti rc 0 0.1
1774020102.4998477 0 0.002 0.000 0.266 12 0.00 0.00 0.000 0.000 0 -0.001 0.266 -0.0013 0.2660
% 1774020102.5463762 robobot/cmd/ti rc 0 0.1
1774020102.5564961 0 0.003 0.000 0.268 12 0.00 0.00 0.000 0.000 0 -0.001 0.268 -0.0014 0.2676
1774020102.5892477 0 0.003 0.000 0.271 12 0.00 0.00 0.000 0.000 0 -0.001 0.271 -0.0014 0.2707
1774020102.5908043 0 0.003 0.000 0.271 12 0.00 0.00 0.000 0.000 0 -0.001 0.271 -0.0014 0.2707
% 1774020102.597261 robobot/cmd/ti rc 0 0.1
% 1774020102.6484275 robobot/cmd/ti rc 0 0.1
1774020102.6584787 0 0.003 0.000 0.275 12 0.00 0.00 0.000 0.000 0 -0.001 0.275 -0.0013 0.2754
1774020102.6898677 0 0.003 0.000 0.277 12 0.00 0.00 0.000 0.000 0 -0.001 0.277 -0.0012 0.2769
1774020102.699377 0 0.003 0.000 0.277 12 0.00 0.00 0.000 0.000 0 -0.001 0.277 -0.0012 0.2769
% 1774020102.6997027 robobot/cmd/ti rc 0 0.1
% 1774020102.7508585 robobot/cmd/ti rc 0 0.1
1774020102.7586734 0 0.003 0.000 0.279 12 0.00 0.00 0.000 0.000 0 -0.001 0.279 -0.0010 0.2785
1774020102.789023 0 0.003 0.000 0.279 13 0.00 0.00 0.000 0.000 0 -0.001 0.279 -0.0008 0.2785
1774020102.7986696 0 0.003 0.000 0.279 13 0.00 0.00 0.000 0.000 0 -0.001 0.279 -0.0008 0.2785
% 1774020102.8226502 robobot/cmd/ti rc 0 0.1
1774020102.8513567 0 0.003 0.000 0.279 13 0.00 0.00 0.000 0.000 0 -0.001 0.279 -0.0007 0.2785
% 1774020102.8558989 robobot/cmd/ti alive 2026-03-20 16:21:37.136012
% 1774020102.8755195 robobot/cmd/ti rc 0 0.1
1774020102.907669 0 0.003 0.000 0.279 13 0.00 0.00 0.000 0.000 0 -0.001 0.279 -0.0006 0.2785
1774020102.911945 0 0.003 0.000 0.279 13 0.00 0.00 0.000 0.000 0 -0.001 0.279 -0.0006 0.2785
% 1774020102.9273067 robobot/cmd/ti rc 0 0.1
1774020102.9582999 0 0.003 0.000 0.280 13 0.00 0.00 0.000 0.000 0 -0.000 0.280 -0.0004 0.2801
1774020102.987473 0 0.003 0.000 0.282 13 0.00 0.00 0.000 0.000 0 -0.000 0.282 -0.0004 0.2816
% 1774020102.9880016 robobot/cmd/ti rc 0 0.1
1774020102.9963481 0 0.003 0.000 0.285 13 0.00 0.00 0.000 0.000 0 -0.000 0.285 -0.0003 0.2848
% 1774020103.0394435 robobot/cmd/ti rc 0 0.1
1774020103.051107 0 0.004 0.001 0.291 13 0.00 0.00 0.000 0.000 0 -0.000 0.291 -0.0002 0.2910
1774020103.0898635 0 0.003 0.000 0.302 13 0.00 0.00 0.000 0.000 0 -0.000 0.302 -0.0001 0.3020
% 1774020103.090947 robobot/cmd/ti rc 0 0.1
1774020103.1102335 0 0.003 0.000 0.303 13 0.00 0.00 0.000 0.000 0 -0.000 0.303 -0.0001 0.3035
% 1774020103.1419637 robobot/cmd/ti rc 0 0.1
1774020103.1619337 0 0.003 0.000 0.324 13 0.00 0.00 0.000 0.000 0 -0.000 0.324 -0.0003 0.3239
1774020103.184947 0 0.003 0.000 0.333 14 0.00 0.00 0.000 0.000 0 -0.000 0.333 -0.0004 0.3333
% 1774020103.1947913 robobot/cmd/ti rc 0 0.1
1774020103.2056081 0 0.003 0.000 0.333 14 0.00 0.00 0.000 0.000 0 -0.000 0.333 -0.0003 0.3333
% 1774020103.2457283 robobot/cmd/ti rc 0 0.1
1774020103.258844 0 0.003 0.000 0.341 14 0.00 0.00 0.000 0.000 0 -0.000 0.341 -0.0003 0.3411
1774020103.2902813 0 0.003 0.000 0.341 14 0.00 0.00 0.000 0.000 0 -0.000 0.341 -0.0004 0.3411
% 1774020103.2970798 robobot/cmd/ti rc 0 0.1
1774020103.2998757 0 0.003 0.000 0.341 14 0.00 0.00 0.000 0.000 0 -0.000 0.341 -0.0004 0.3411
% 1774020103.3483806 robobot/cmd/ti rc 0 0.1
% 1774020103.366628 robobot/cmd/ti alive 2026-03-20 16:21:37.136012
1774020103.36824 0 0.003 0.000 0.341 14 0.00 0.00 0.000 0.000 0 -0.000 0.341 -0.0005 0.3411
1774020103.3879955 0 0.003 0.000 0.341 14 0.00 0.00 0.000 0.000 0 -0.001 0.341 -0.0005 0.3411
% 1774020103.3993952 robobot/cmd/ti rc 0 0.1
1774020103.40959 0 0.003 0.000 0.341 14 0.00 0.00 0.000 0.000 0 -0.001 0.341 -0.0005 0.3411
1774020103.4451725 0 0.003 0.000 0.341 14 0.00 0.00 0.000 0.000 0 -0.001 0.341 -0.0005 0.3411
% 1774020103.4505672 robobot/cmd/ti rc 0 0.1
1774020103.5011728 0 0.003 0.000 0.341 14 0.00 0.00 0.000 0.000 0 -0.001 0.341 -0.0005 0.3411
% 1774020103.50192 robobot/cmd/ti rc 0 0.1
1774020103.5026069 0 0.003 0.000 0.341 14 0.00 0.00 0.000 0.000 0 -0.001 0.341 -0.0005 0.3411
% 1774020103.5529099 robobot/cmd/ti rc 0 0.1
1774020103.5635185 0 0.003 0.000 0.341 15 0.00 0.00 0.000 0.000 0 -0.001 0.341 -0.0005 0.3411
1774020103.5947332 0 0.003 0.000 0.341 15 0.00 0.00 0.000 0.000 0 -0.001 0.341 -0.0005 0.3411
% 1774020103.603956 robobot/cmd/ti rc 0 0.1
1774020103.6049216 0 0.003 0.000 0.341 15 0.00 0.00 0.000 0.000 0 -0.001 0.341 -0.0005 0.3411
% 1774020103.6546433 robobot/cmd/ti rc 0 0.1
1774020103.656989 0 0.003 0.000 0.341 15 0.00 0.00 0.000 0.000 0 -0.001 0.341 -0.0006 0.3411
1774020103.6950228 0 0.003 0.000 0.341 15 0.00 0.00 0.000 0.000 0 -0.001 0.341 -0.0006 0.3411
% 1774020103.7054887 robobot/cmd/ti rc 0 0.1
1774020103.7152631 0 0.003 0.000 0.341 15 0.00 0.00 0.000 0.000 0 -0.001 0.341 -0.0006 0.3411
% 1774020103.7563205 robobot/cmd/ti rc 0 0.1
1774020103.762709 0 0.003 0.000 0.341 15 0.00 0.00 0.000 0.000 0 -0.001 0.341 -0.0006 0.3411
1774020103.8012025 0 0.003 0.000 0.341 15 0.00 0.00 0.000 0.000 0 -0.001 0.341 -0.0006 0.3411
1774020103.802108 0 0.003 0.000 0.341 15 0.00 0.00 0.000 0.000 0 -0.001 0.341 -0.0006 0.3411
% 1774020103.8078327 robobot/cmd/ti rc 0 0.1
1774020103.849765 0 0.003 0.000 0.344 15 0.00 0.00 0.000 0.000 0 -0.001 0.344 -0.0006 0.3442
% 1774020103.8587117 robobot/cmd/ti rc 0 0.1
% 1774020103.871647 robobot/cmd/ti alive 2026-03-20 16:21:37.136012
1774020103.8865 0 0.003 0.000 0.349 15 0.00 0.00 0.000 0.000 0 -0.001 0.349 -0.0006 0.3489
1774020103.9078894 0 0.004 0.001 0.350 15 0.00 0.00 0.000 0.000 0 -0.001 0.350 -0.0006 0.3505
% 1774020103.910192 robobot/cmd/ti rc 0 0.1
1774020103.9572403 0 0.004 0.001 0.358 15 0.00 0.00 0.000 0.000 0 -0.000 0.358 -0.0002 0.3583
% 1774020103.961179 robobot/cmd/ti rc 0 0.1
1774020103.9870565 0 0.004 0.001 0.369 16 0.00 0.00 0.000 0.000 0 0.000 0.369 0.0005 0.3693
1774020104.0085797 0 0.004 0.001 0.376 16 0.00 0.00 0.000 0.000 0 0.001 0.376 0.0006 0.3755
% 1774020104.0145845 robobot/cmd/ti rc 0 0.1
1774020104.048917 0 0.004 0.001 0.391 16 0.00 0.00 0.000 0.000 0 0.001 0.391 0.0010 0.3912
% 1774020104.0657377 robobot/cmd/ti rc 0 0.1
1774020104.0997162 0 0.004 0.001 0.396 16 0.00 0.00 0.000 0.000 0 0.001 0.396 0.0008 0.3959
1774020104.1003122 0 0.004 0.001 0.397 16 0.00 0.00 0.000 0.000 0 0.001 0.397 0.0007 0.3974
% 1774020104.1173193 robobot/cmd/ti rc 0 0.1
% 1774020104.168727 robobot/cmd/ti rc 0 0.1
1774020104.1731288 0 0.003 0.000 0.399 16 0.00 0.00 0.000 0.000 0 0.000 0.399 0.0005 0.3990
1774020104.2010307 0 0.003 0.000 0.399 16 0.00 0.00 0.000 0.000 0 0.000 0.399 0.0003 0.3990
1774020104.2020354 0 0.003 0.000 0.399 16 0.00 0.00 0.000 0.000 0 0.000 0.399 0.0003 0.3990
% 1774020104.2211614 robobot/cmd/ti rc 0 0.1
1774020104.249275 0 0.003 0.000 0.399 16 0.00 0.00 0.000 0.000 0 0.000 0.399 0.0001 0.3990
% 1774020104.2720368 robobot/cmd/ti rc 0 0.1
1774020104.2973285 0 0.003 0.000 0.399 16 0.00 0.00 0.000 0.000 0 0.000 0.399 0.0001 0.3990
1774020104.297865 0 0.003 0.000 0.399 16 0.00 0.00 0.000 0.000 0 0.000 0.399 0.0001 0.3990
% 1774020104.3229287 robobot/cmd/ti rc 0 0.1
1774020104.3579612 0 0.004 0.001 0.402 16 0.00 0.00 0.000 0.000 0 0.000 0.402 0.0000 0.4021
% 1774020104.3985112 robobot/cmd/ti rc 0 0.1
1774020104.400882 0 0.004 0.001 0.408 17 0.00 0.00 0.000 0.000 0 -0.001 0.408 -0.0007 0.4084
1774020104.4017882 0 0.005 0.001 0.407 17 0.00 0.00 0.000 0.000 0 -0.000 0.407 -0.0004 0.4068
% 1774020104.4080796 robobot/cmd/ti alive 2026-03-20 16:21:37.136012
1774020104.4490073 0 0.004 0.001 0.418 17 0.00 0.00 0.000 0.000 0 -0.000 0.418 -0.0001 0.4178
% 1774020104.4493613 robobot/cmd/ti rc 0 0.1
1774020104.496715 0 0.005 0.001 0.424 17 0.00 0.00 0.000 0.000 0 -0.000 0.424 -0.0002 0.4240
1774020104.4971457 0 0.005 0.001 0.424 17 0.00 0.00 0.000 0.000 0 -0.000 0.424 -0.0002 0.4240
% 1774020104.5003555 robobot/cmd/ti rc 0 0.1
% 1774020104.5514681 robobot/cmd/ti rc 0 0.1
1774020104.5560858 0 0.005 0.001 0.427 17 0.00 0.00 0.000 0.000 0 -0.000 0.427 -0.0000 0.4272
1774020104.6011956 0 0.005 0.001 0.427 17 0.00 0.00 0.000 0.000 0 0.000 0.427 0.0001 0.4272
1774020104.6024518 0 0.005 0.001 0.427 17 0.00 0.00 0.000 0.000 0 0.000 0.427 0.0002 0.4272
% 1774020104.6029515 robobot/cmd/ti rc 0 0.1
1774020104.6494539 0 0.005 0.001 0.427 17 0.00 0.00 0.000 0.000 0 0.000 0.427 0.0003 0.4272
% 1774020104.653819 robobot/cmd/ti rc 0 0.1
1774020104.6967914 0 0.005 0.001 0.427 17 0.00 0.00 0.000 0.000 0 0.000 0.427 0.0003 0.4272
1774020104.6973727 0 0.005 0.001 0.427 17 0.00 0.00 0.000 0.000 0 0.000 0.427 0.0003 0.4272
% 1774020104.7048912 robobot/cmd/ti rc 0 0.1
1774020104.754346 0 0.005 0.001 0.427 17 0.00 0.00 0.000 0.000 0 0.000 0.427 0.0004 0.4272
% 1774020104.7570152 robobot/cmd/ti rc 0 0.1
1774020104.801259 0 0.005 0.001 0.427 18 0.00 0.00 0.000 0.000 0 0.000 0.427 0.0004 0.4272
1774020104.802908 0 0.005 0.001 0.427 18 0.00 0.00 0.000 0.000 0 0.000 0.427 0.0004 0.4272
% 1774020104.8079817 robobot/cmd/ti rc 0 0.1
1774020104.850732 0 0.005 0.001 0.429 18 0.00 0.00 0.000 0.000 0 0.000 0.429 0.0004 0.4287
% 1774020104.8597806 robobot/cmd/ti rc 0 0.1
1774020104.8988101 0 0.005 0.001 0.429 18 0.00 0.00 0.000 0.000 0 0.000 0.429 0.0004 0.4287
1774020104.899485 0 0.005 0.001 0.429 18 0.00 0.00 0.000 0.000 0 0.000 0.429 0.0004 0.4287
% 1774020104.9111404 robobot/cmd/ti rc 0 0.1
% 1774020104.9140582 robobot/cmd/ti alive 2026-03-20 16:21:37.136012
% 1774020104.9628825 robobot/cmd/ti rc 0 0.1
1774020104.9684668 0 0.005 0.001 0.430 18 0.00 0.00 0.000 0.000 0 0.000 0.430 0.0005 0.4303
1774020104.9988713 0 0.005 0.001 0.430 18 0.00 0.00 0.000 0.000 0 0.001 0.430 0.0005 0.4303
1774020105.000169 0 0.006 0.001 0.432 18 0.00 0.00 0.000 0.000 0 0.001 0.432 0.0005 0.4318
% 1774020105.0140085 robobot/cmd/ti rc 0 0.1
1774020105.0499237 0 0.006 0.002 0.436 18 0.00 0.00 0.000 0.000 0 0.001 0.436 0.0006 0.4365
% 1774020105.0650613 robobot/cmd/ti rc 0 0.1
1774020105.0976841 0 0.006 0.002 0.438 18 0.00 0.00 0.000 0.000 0 0.001 0.438 0.0008 0.4381
1774020105.0982401 0 0.006 0.002 0.440 18 0.00 0.00 0.000 0.000 0 0.001 0.440 0.0008 0.4397
% 1774020105.1162422 robobot/cmd/ti rc 0 0.1
1774020105.158186 0 0.006 0.002 0.440 18 0.00 0.00 0.000 0.000 0 0.001 0.440 0.0010 0.4397
% 1774020105.167705 robobot/cmd/ti rc 0 0.1
1774020105.2162237 0 0.006 0.002 0.440 19 0.00 0.00 0.000 0.000 0 0.001 0.440 0.0011 0.4397
1774020105.21712 0 0.006 0.002 0.440 19 0.00 0.00 0.000 0.000 0 0.001 0.440 0.0011 0.4397
% 1774020105.2185955 robobot/cmd/ti rc 0 0.1
1774020105.2442415 0 0.006 0.002 0.440 19 0.00 0.00 0.000 0.000 0 0.001 0.440 0.0012 0.4397
% 1774020105.2706747 robobot/cmd/ti rc 0 0.1
1774020105.2897592 0 0.006 0.002 0.440 19 0.00 0.00 0.000 0.000 0 0.001 0.440 0.0012 0.4397
1774020105.31366 0 0.006 0.002 0.440 19 0.00 0.00 0.000 0.000 0 0.001 0.440 0.0013 0.4397
% 1774020105.3220825 robobot/cmd/ti rc 0 0.1
1774020105.3616605 0 0.006 0.002 0.446 19 0.00 0.00 0.000 0.000 0 0.001 0.446 0.0013 0.4459
% 1774020105.373101 robobot/cmd/ti rc 0 0.1
1774020105.386732 0 0.006 0.002 0.455 19 0.00 0.00 0.000 0.000 0 0.001 0.455 0.0011 0.4553
1774020105.409826 0 0.006 0.002 0.458 19 0.00 0.00 0.000 0.000 0 0.001 0.458 0.0010 0.4584
% 1774020105.4242146 robobot/cmd/ti rc 0 0.1
% 1774020105.4502432 robobot/cmd/ti alive 2026-03-20 16:21:37.136012
1774020105.456928 0 0.006 0.002 0.469 19 0.00 0.00 0.000 0.000 0 0.001 0.469 0.0008 0.4694
% 1774020105.4751241 robobot/cmd/ti rc 0 0.1
1774020105.4844027 0 0.006 0.002 0.476 19 0.00 0.00 0.000 0.000 0 0.001 0.476 0.0007 0.4757
1774020105.5062366 0 0.006 0.001 0.477 19 0.00 0.00 0.000 0.000 0 0.001 0.477 0.0007 0.4772
% 1774020105.5262706 robobot/cmd/ti rc 0 0.1
1774020105.556152 0 0.006 0.002 0.479 19 0.00 0.00 0.000 0.000 0 0.001 0.479 0.0006 0.4788
% 1774020105.5782182 robobot/cmd/ti rc 0 0.1
1774020105.6005847 0 0.006 0.002 0.479 20 0.00 0.00 0.000 0.000 0 0.001 0.479 0.0006 0.4788
1774020105.6020467 0 0.006 0.002 0.479 20 0.00 0.00 0.000 0.000 0 0.001 0.479 0.0006 0.4788
% 1774020105.6295698 robobot/cmd/ti rc 0 0.1
1774020105.6500537 0 0.006 0.002 0.479 20 0.00 0.00 0.000 0.000 0 0.001 0.479 0.0006 0.4788
% 1774020105.6806362 robobot/cmd/ti rc 0 0.1
1774020105.6978195 0 0.006 0.002 0.479 20 0.00 0.00 0.000 0.000 0 0.001 0.479 0.0006 0.4788
1774020105.698731 0 0.006 0.002 0.479 20 0.00 0.00 0.000 0.000 0 0.001 0.479 0.0006 0.4788
% 1774020105.7318532 robobot/cmd/ti rc 0 0.1
1774020105.758849 0 0.006 0.002 0.479 20 0.00 0.00 0.000 0.000 0 0.001 0.479 0.0006 0.4788
1774020105.782329 0 0.006 0.002 0.479 20 0.00 0.00 0.000 0.000 0 0.001 0.479 0.0006 0.4788
% 1774020105.7831075 robobot/cmd/ti rc 0 0.1
1774020105.802559 0 0.006 0.002 0.479 20 0.00 0.00 0.000 0.000 0 0.001 0.479 0.0006 0.4788
% 1774020105.8340137 robobot/cmd/ti rc 0 0.1
1774020105.8505135 0 0.006 0.002 0.479 20 0.00 0.00 0.000 0.000 0 0.001 0.479 0.0006 0.4788
% 1774020105.8848085 robobot/cmd/ti rc 0 0.1
1774020105.8966193 0 0.006 0.002 0.479 20 0.00 0.00 0.000 0.000 0 0.001 0.479 0.0006 0.4788
1774020105.8976705 0 0.006 0.002 0.479 20 0.00 0.00 0.000 0.000 0 0.001 0.479 0.0006 0.4788
% 1774020105.9356923 robobot/cmd/ti rc 0 0.1
% 1774020105.9554155 robobot/cmd/ti alive 2026-03-20 16:21:37.136012
1774020105.9602337 0 0.006 0.002 0.479 20 0.00 0.00 0.000 0.000 0 0.001 0.479 0.0007 0.4788
1774020105.986136 0 0.006 0.002 0.479 21 0.00 0.00 0.000 0.000 0 0.001 0.479 0.0007 0.4788
% 1774020105.9897912 robobot/cmd/ti rc 0 0.1
1774020106.0103638 0 0.006 0.002 0.479 21 0.00 0.00 0.000 0.000 0 0.001 0.479 0.0007 0.4788
% 1774020106.0409012 robobot/cmd/ti rc 0 0.1
1774020106.0595858 0 0.006 0.001 0.480 21 0.00 0.00 0.000 0.000 0 0.001 0.480 0.0007 0.4804
1774020106.0823908 0 0.005 0.001 0.477 21 0.00 0.00 0.000 0.000 0 0.002 0.477 0.0017 0.4772
% 1774020106.0919466 robobot/cmd/ti rc 0 0.1
1774020106.1063144 0 0.006 0.001 0.480 21 0.00 0.00 0.000 0.000 0 0.002 0.480 0.0017 0.4804
% 1774020106.1437104 robobot/cmd/ti rc 0 0.1
1774020106.1560502 0 0.005 0.001 0.487 21 0.00 0.00 0.000 0.000 0 0.003 0.487 0.0027 0.4866
% 1774020106.1947289 robobot/cmd/ti rc 0 0.1
1774020106.2007601 0 0.005 0.001 0.490 21 0.00 0.00 0.000 0.000 0 0.003 0.490 0.0027 0.4897
1774020106.202159 0 0.005 0.001 0.491 21 0.00 0.00 0.000 0.000 0 0.003 0.491 0.0027 0.4913
% 1774020106.2461236 robobot/cmd/ti rc 0 0.1
1774020106.2504344 0 0.005 0.001 0.494 21 0.00 0.00 0.000 0.000 0 0.002 0.494 0.0021 0.4944
1774020106.2970269 0 0.005 0.001 0.494 21 0.00 0.00 0.000 0.000 0 0.002 0.494 0.0017 0.4944
% 1774020106.297405 robobot/cmd/ti rc 0 0.1
1774020106.2979858 0 0.005 0.001 0.494 21 0.00 0.00 0.000 0.000 0 0.002 0.494 0.0016 0.4944
% 1774020106.348436 robobot/cmd/ti rc 0 0.1
1774020106.3578157 0 0.005 0.001 0.498 21 0.00 0.00 0.000 0.000 0 0.001 0.498 0.0014 0.4976
% 1774020106.3995383 robobot/cmd/ti rc 0 0.1
1774020106.4016535 0 0.005 0.001 0.499 22 0.00 0.00 0.000 0.000 0 0.001 0.499 0.0013 0.4991
1774020106.4028494 0 0.005 0.001 0.501 22 0.00 0.00 0.000 0.000 0 0.001 0.501 0.0013 0.5007
% 1774020106.4512572 robobot/cmd/ti rc 0 0.1
1774020106.4522314 0 0.005 0.001 0.510 22 0.00 0.00 0.000 0.000 0 0.001 0.510 0.0013 0.5101
% 1774020106.4616218 robobot/cmd/ti alive 2026-03-20 16:21:37.136012
1774020106.4978733 0 0.005 0.001 0.518 22 0.00 0.00 0.000 0.000 0 0.002 0.518 0.0016 0.5179
1774020106.4993947 0 0.006 0.001 0.521 22 0.00 0.00 0.000 0.000 0 0.002 0.521 0.0017 0.5210
% 1774020106.5021176 robobot/cmd/ti rc 0 0.1
% 1774020106.5531597 robobot/cmd/ti rc 0 0.1
1774020106.554749 0 0.005 0.001 0.532 22 0.00 0.00 0.000 0.000 0 0.002 0.532 0.0024 0.5320
1774020106.6010866 0 0.005 0.001 0.537 22 0.00 0.00 0.000 0.000 0 0.002 0.537 0.0023 0.5367
1774020106.6022394 0 0.005 0.001 0.538 22 0.00 0.00 0.000 0.000 0 0.002 0.538 0.0022 0.5382
% 1774020106.6042297 robobot/cmd/ti rc 0 0.1
1774020106.6509635 0 0.004 0.001 0.543 22 0.00 0.00 0.000 0.000 0 0.002 0.543 0.0018 0.5429
% 1774020106.6565986 robobot/cmd/ti rc 0 0.1
1774020106.6993294 0 0.004 0.001 0.546 22 0.00 0.00 0.000 0.000 0 0.002 0.546 0.0016 0.5461
1774020106.7001507 0 0.005 0.001 0.549 22 0.00 0.00 0.000 0.000 0 0.002 0.549 0.0015 0.5492
% 1774020106.707601 robobot/cmd/ti rc 0 0.1
1774020106.7582805 0 0.005 0.001 0.552 22 0.00 0.00 0.000 0.000 0 0.001 0.552 0.0014 0.5523
% 1774020106.7592354 robobot/cmd/ti rc 0 0.1
1774020106.801156 0 0.005 0.001 0.552 23 0.00 0.00 0.000 0.000 0 0.001 0.552 0.0015 0.5523
1774020106.8022482 0 0.005 0.001 0.552 23 0.00 0.00 0.000 0.000 0 0.002 0.552 0.0016 0.5523
% 1774020106.810652 robobot/cmd/ti rc 0 0.1
1774020106.8526726 0 0.005 0.001 0.552 23 0.00 0.00 0.000 0.000 0 0.002 0.552 0.0017 0.5523
% 1774020106.8620756 robobot/cmd/ti rc 0 0.1
% 1774020106.9137473 robobot/cmd/ti rc 0 0.1
1774020106.9479609 0 0.005 0.001 0.552 23 0.00 0.00 0.000 0.000 0 0.002 0.552 0.0018 0.5523
1774020106.9492044 0 0.005 0.001 0.552 23 0.00 0.00 0.000 0.000 0 0.002 0.552 0.0018 0.5523
1774020106.9615998 0 0.005 0.001 0.552 23 0.00 0.00 0.000 0.000 0 0.002 0.552 0.0019 0.5523
% 1774020106.9646642 robobot/cmd/ti rc 0 0.1
% 1774020106.9676094 robobot/cmd/ti alive 2026-03-20 16:21:37.136012
1774020107.0046215 0 0.005 0.001 0.552 23 0.00 0.00 0.000 0.000 0 0.002 0.552 0.0019 0.5523
1774020107.0058188 0 0.005 0.001 0.552 23 0.00 0.00 0.000 0.000 0 0.002 0.552 0.0019 0.5523
% 1774020107.015695 robobot/cmd/ti rc 0 0.1
% 1774020107.0667331 robobot/cmd/ti rc 0 0.1
1774020107.0707312 0 0.005 0.001 0.554 23 0.00 0.00 0.000 0.000 0 0.002 0.554 0.0019 0.5539
1774020107.0995278 0 0.005 0.001 0.554 23 0.00 0.00 0.000 0.000 0 0.001 0.554 0.0005 0.5539
% 1774020107.1177998 robobot/cmd/ti rc 0 0.1
1774020107.124371 0 0.005 0.001 0.552 23 0.00 0.00 0.000 0.000 0 0.001 0.552 0.0005 0.5523
% 1774020107.168666 robobot/cmd/ti rc 0 0.1
% 1774020107.219679 robobot/cmd/ti rc 0 0.1
% 1774020107.270533 robobot/cmd/ti rc 0 0.1
% 1774020107.3215866 robobot/cmd/ti rc 0 0.1
% 1774020107.3726337 robobot/cmd/ti rc 0 0.1
% 1774020107.423172 robobot/cmd/ti rc 0 0.1
1774020107.4690301 0 0.005 0.001 0.552 23 0.00 0.00 0.000 0.000 0 0.000 0.552 0.0001 0.5523
1774020107.470682 0 0.005 0.001 0.552 23 0.00 0.00 0.000 0.000 0 -0.000 0.552 -0.0001 0.5523
% 1774020107.4717367 robobot/cmd/ti alive 2026-03-20 16:21:37.136012
1774020107.4723375 0 0.005 0.001 0.552 23 0.00 0.00 0.000 0.000 0 -0.000 0.552 -0.0001 0.5523
% 1774020107.4747276 robobot/cmd/ti rc 0 0.1
1774020107.4754221 0 0.005 0.001 0.552 23 0.00 0.00 0.000 0.000 0 -0.000 0.552 -0.0003 0.5523
1774020107.4771094 0 0.005 0.001 0.552 23 0.00 0.00 0.000 0.000 0 -0.000 0.552 -0.0004 0.5523
1774020107.4776063 0 0.005 0.001 0.552 23 0.00 0.00 0.000 0.000 0 -0.000 0.552 -0.0005 0.5523
1774020107.482209 0 0.005 0.001 0.554 24 0.00 0.00 0.000 0.000 0 -0.000 0.554 -0.0005 0.5539
1774020107.4846003 0 0.006 0.001 0.557 24 0.00 0.00 0.000 0.000 0 -0.001 0.557 -0.0005 0.5570
1774020107.4855154 0 0.006 0.002 0.560 24 0.00 0.00 0.000 0.000 0 -0.001 0.560 -0.0005 0.5601
1774020107.5004292 0 0.006 0.002 0.566 24 0.00 0.00 0.000 0.000 0 -0.001 0.566 -0.0007 0.5664
1774020107.5035908 0 0.006 0.002 0.570 24 0.00 0.00 0.000 0.000 0 0.000 0.570 0.0001 0.5695
1774020107.5046017 0 0.006 0.002 0.571 24 0.00 0.00 0.000 0.000 0 0.000 0.571 0.0003 0.5711
% 1774020107.5263875 robobot/cmd/ti rc 0 0.1
1774020107.5582967 0 0.006 0.002 0.577 24 0.00 0.00 0.000 0.000 0 0.001 0.577 0.0010 0.5774
% 1774020107.5779598 robobot/cmd/ti rc 0 0.1
1774020107.6025665 0 0.006 0.002 0.582 24 0.00 0.00 0.000 0.000 0 0.001 0.582 0.0011 0.5821
1774020107.6044235 0 0.006 0.002 0.582 24 0.00 0.00 0.000 0.000 0 0.001 0.582 0.0010 0.5821
% 1774020107.629518 robobot/cmd/ti rc 0 0.1
1774020107.6654625 0 0.006 0.001 0.587 24 0.00 0.00 0.000 0.000 0 0.001 0.587 0.0008 0.5867
% 1774020107.6803286 robobot/cmd/ti rc 0 0.1
1774020107.6971154 0 0.006 0.001 0.587 24 0.00 0.00 0.000 0.000 0 0.001 0.587 0.0006 0.5867
1774020107.6991856 0 0.006 0.001 0.587 24 0.00 0.00 0.000 0.000 0 0.001 0.587 0.0006 0.5867
% 1774020107.7313912 robobot/cmd/ti rc 0 0.1
1774020107.7594664 0 0.006 0.001 0.587 24 0.00 0.00 0.000 0.000 0 0.000 0.587 0.0004 0.5867
% 1774020107.7826476 robobot/cmd/ti rc 0 0.1
1774020107.8028467 0 0.006 0.001 0.587 24 0.00 0.00 0.000 0.000 0 0.000 0.587 0.0004 0.5867
1774020107.8041382 0 0.006 0.001 0.587 24 0.00 0.00 0.000 0.000 0 0.000 0.587 0.0003 0.5867
% 1774020107.833568 robobot/cmd/ti rc 0 0.1
1774020107.8701978 0 0.006 0.001 0.587 24 0.00 0.00 0.000 0.000 0 0.000 0.587 0.0003 0.5867
% 1774020107.8847048 robobot/cmd/ti rc 0 0.1
1774020107.896398 0 0.006 0.001 0.587 24 0.00 0.00 0.000 0.000 0 0.000 0.587 0.0003 0.5867
1774020107.9130118 0 0.006 0.001 0.587 24 0.00 0.00 0.000 0.000 0 0.000 0.587 0.0003 0.5867
% 1774020107.9358587 robobot/cmd/ti rc 0 0.1
1774020107.9547029 0 0.006 0.001 0.587 24 0.00 0.00 0.000 0.000 0 0.000 0.587 0.0003 0.5867
% 1774020107.9779594 robobot/cmd/ti alive 2026-03-20 16:21:37.136012
% 1774020107.9877539 robobot/cmd/ti rc 0 0.1
1774020108.0147765 0 0.006 0.001 0.587 25 0.00 0.00 0.000 0.000 0 0.000 0.587 0.0003 0.5867
1774020108.016319 0 0.006 0.001 0.587 25 0.00 0.00 0.000 0.000 0 0.000 0.587 0.0003 0.5867
% 1774020108.0386336 robobot/cmd/ti rc 0 0.1
1774020108.0546167 0 0.006 0.001 0.588 25 0.00 0.00 0.000 0.000 0 0.000 0.588 0.0002 0.5883
% 1774020108.09 robobot/cmd/ti rc 0 0.1
1774020108.1142564 0 0.007 0.003 0.571 25 0.00 0.00 0.000 0.000 0 -0.002 0.571 -0.0017 0.5711
1774020108.115232 0 0.007 0.002 0.579 25 0.00 0.00 0.000 0.000 0 -0.003 0.579 -0.0027 0.5789
% 1774020108.1407614 robobot/cmd/ti rc 0 0.1
1774020108.1815934 0 0.007 0.002 0.584 25 0.00 0.00 0.000 0.000 0 -0.003 0.584 -0.0032 0.5836
% 1774020108.1923022 robobot/cmd/ti rc 0 0.1
1774020108.1932104 0 0.008 0.003 0.585 25 0.00 0.00 0.000 0.000 0 -0.003 0.585 -0.0033 0.5852
% 1774020108.2437527 robobot/cmd/ti rc 0 0.1
1774020108.2599328 0 0.008 0.003 0.587 25 0.00 0.00 0.000 0.000 0 -0.003 0.587 -0.0032 0.5867
1774020108.265397 0 0.009 0.004 0.595 25 0.00 0.00 0.000 0.000 0 -0.003 0.595 -0.0025 0.5946
% 1774020108.296079 robobot/cmd/ti rc 0 0.1
1774020108.301991 0 0.009 0.004 0.598 25 0.00 0.00 0.000 0.000 0 -0.002 0.598 -0.0019 0.5977
1774020108.313668 0 0.009 0.004 0.599 25 0.00 0.00 0.000 0.000 0 -0.002 0.599 -0.0018 0.5993
% 1774020108.3472137 robobot/cmd/ti rc 0 0.1
1774020108.3602827 0 0.009 0.004 0.601 25 0.00 0.00 0.000 0.000 0 -0.001 0.601 -0.0012 0.6008
% 1774020108.3980618 robobot/cmd/ti rc 0 0.1
1774020108.4306574 0 0.009 0.004 0.602 26 0.00 0.00 0.000 0.000 0 -0.001 0.602 -0.0010 0.6024
1774020108.432093 0 0.009 0.004 0.602 26 0.00 0.00 0.000 0.000 0 -0.001 0.602 -0.0009 0.6024
% 1774020108.4491842 robobot/cmd/ti rc 0 0.1
1774020108.4674108 0 0.009 0.004 0.604 26 0.00 0.00 0.000 0.000 0 -0.001 0.604 -0.0007 0.6040
% 1774020108.4832594 robobot/cmd/ti alive 2026-03-20 16:21:37.136012
% 1774020108.4999795 robobot/cmd/ti rc 0 0.1
1774020108.5117767 0 0.009 0.004 0.606 26 0.00 0.00 0.000 0.000 0 -0.001 0.606 -0.0005 0.6055
1774020108.5128136 0 0.009 0.004 0.607 26 0.00 0.00 0.000 0.000 0 -0.001 0.607 -0.0005 0.6071
% 1774020108.5511086 robobot/cmd/ti rc 0 0.1
1774020108.5666256 0 0.009 0.003 0.610 26 0.00 0.00 0.000 0.000 0 -0.000 0.610 -0.0005 0.6102
1774020108.600921 0 0.008 0.003 0.612 26 0.00 0.00 0.000 0.000 0 -0.001 0.612 -0.0006 0.6118
% 1774020108.6026692 robobot/cmd/ti rc 0 0.1
1774020108.6137035 0 0.009 0.003 0.613 26 0.00 0.00 0.000 0.000 0 -0.001 0.613 -0.0006 0.6133
% 1774020108.6543822 robobot/cmd/ti rc 0 0.1
1774020108.660734 0 0.009 0.004 0.617 26 0.00 0.00 0.000 0.000 0 -0.001 0.617 -0.0008 0.6165
1774020108.6925118 0 0.009 0.004 0.618 26 0.00 0.00 0.000 0.000 0 -0.001 0.618 -0.0009 0.6180
% 1774020108.7055683 robobot/cmd/ti rc 0 0.1
1774020108.729387 0 0.009 0.004 0.618 26 0.00 0.00 0.000 0.000 0 -0.001 0.618 -0.0010 0.6180
% 1774020108.7570987 robobot/cmd/ti rc 0 0.1
1774020108.7631829 0 0.009 0.004 0.618 27 0.00 0.00 0.000 0.000 0 -0.001 0.618 -0.0011 0.6180
1774020108.8033822 0 0.009 0.004 0.618 27 0.00 0.00 0.000 0.000 0 -0.001 0.618 -0.0011 0.6180
% 1774020108.8086193 robobot/cmd/ti rc 0 0.1
1774020108.8372626 0 0.009 0.004 0.618 27 0.00 0.00 0.000 0.000 0 -0.001 0.618 -0.0011 0.6180
% 1774020108.8601906 robobot/cmd/ti rc 0 0.1
1774020108.8677218 0 0.009 0.004 0.618 27 0.00 0.00 0.000 0.000 0 -0.001 0.618 -0.0012 0.6180
1774020108.9056153 0 0.009 0.004 0.618 27 0.00 0.00 0.000 0.000 0 -0.001 0.618 -0.0012 0.6180
% 1774020108.9123616 robobot/cmd/ti rc 0 0.1
1774020108.9434545 0 0.009 0.004 0.618 27 0.00 0.00 0.000 0.000 0 -0.001 0.618 -0.0012 0.6180
% 1774020108.963735 robobot/cmd/ti rc 0 0.1
% 1774020108.9898765 robobot/cmd/ti alive 2026-03-20 16:21:37.136012
1774020109.0044737 0 0.009 0.004 0.618 27 0.00 0.00 0.000 0.000 0 -0.001 0.618 -0.0012 0.6180
% 1774020109.0156326 robobot/cmd/ti rc 0 0.1
1774020109.0162215 0 0.009 0.004 0.618 27 0.00 0.00 0.000 0.000 0 -0.001 0.618 -0.0012 0.6180
1774020109.0175455 0 0.009 0.004 0.618 27 0.00 0.00 0.000 0.000 0 -0.001 0.618 -0.0011 0.6180
1774020109.0642614 0 0.009 0.004 0.620 27 0.00 0.00 0.000 0.000 0 -0.001 0.620 -0.0011 0.6196
% 1774020109.0664356 robobot/cmd/ti rc 0 0.1
% 1774020109.117384 robobot/cmd/ti rc 0 0.1
1774020109.1195304 0 0.009 0.004 0.623 27 0.00 0.00 0.000 0.000 0 -0.001 0.623 -0.0010 0.6227
1774020109.1318898 0 0.009 0.004 0.624 27 0.00 0.00 0.000 0.000 0 -0.001 0.624 -0.0010 0.6243
% 1774020109.1679964 robobot/cmd/ti rc 0 0.1
1774020109.1729999 0 0.009 0.004 0.638 27 0.00 0.00 0.000 0.000 0 -0.001 0.638 -0.0007 0.6384
1774020109.2089703 0 0.010 0.004 0.651 28 0.00 0.00 0.000 0.000 0 -0.000 0.651 -0.0004 0.6509
% 1774020109.219433 robobot/cmd/ti rc 0 0.1
1774020109.2209795 0 0.009 0.004 0.657 28 0.00 0.00 0.000 0.000 0 -0.000 0.657 -0.0002 0.6572
% 1774020109.2703152 robobot/cmd/ti rc 0 0.1
1774020109.3015785 0 0.010 0.004 0.673 28 0.00 0.00 0.000 0.000 0 -0.000 0.673 -0.0002 0.6728
% 1774020109.3212466 robobot/cmd/ti rc 0 0.1
1774020109.3383303 0 0.009 0.004 0.682 28 0.00 0.00 0.000 0.000 0 -0.000 0.682 -0.0000 0.6822
1774020109.349035 0 0.009 0.004 0.687 28 0.00 0.00 0.000 0.000 0 -0.000 0.687 -0.0002 0.6869
% 1774020109.3721375 robobot/cmd/ti rc 0 0.1
1774020109.407626 0 0.010 0.004 0.692 28 0.00 0.00 0.000 0.000 0 -0.001 0.692 -0.0006 0.6916
1774020109.410532 0 0.010 0.004 0.695 28 0.00 0.00 0.000 0.000 0 -0.001 0.695 -0.0006 0.6947
% 1774020109.4249375 robobot/cmd/ti rc 0 0.1
1774020109.4301457 0 0.010 0.004 0.695 28 0.00 0.00 0.000 0.000 0 -0.001 0.695 -0.0005 0.6947
% 1774020109.4776616 robobot/cmd/ti rc 0 0.1
% 1774020109.4948258 robobot/cmd/ti alive 2026-03-20 16:21:37.136012
1774020109.5121596 0 0.010 0.004 0.695 28 0.00 0.00 0.000 0.000 0 -0.000 0.695 -0.0003 0.6947
1774020109.5162482 0 0.010 0.004 0.695 28 0.00 0.00 0.000 0.000 0 -0.000 0.695 -0.0002 0.6947
1774020109.5284693 0 0.010 0.004 0.695 28 0.00 0.00 0.000 0.000 0 -0.000 0.695 -0.0001 0.6947
% 1774020109.529836 robobot/cmd/ti rc 0 0.1
% 1774020109.5811296 robobot/cmd/ti rc 0 0.1
1774020109.6077719 0 0.010 0.004 0.695 28 0.00 0.00 0.000 0.000 0 -0.000 0.695 -0.0001 0.6947
1774020109.6103957 0 0.010 0.004 0.695 28 0.00 0.00 0.000 0.000 0 -0.000 0.695 -0.0000 0.6947
1774020109.6117628 0 0.010 0.004 0.695 28 0.00 0.00 0.000 0.000 0 -0.000 0.695 -0.0000 0.6947
% 1774020109.6326745 robobot/cmd/ti rc 0 0.1
1774020109.6707022 0 0.010 0.004 0.695 29 0.00 0.00 0.000 0.000 0 0.000 0.695 0.0000 0.6947
% 1774020109.6835835 robobot/cmd/ti rc 0 0.1
1774020109.7097178 0 0.010 0.004 0.695 29 0.00 0.00 0.000 0.000 0 0.000 0.695 0.0000 0.6947
1774020109.7214243 0 0.010 0.004 0.695 29 0.00 0.00 0.000 0.000 0 0.000 0.695 0.0000 0.6947
% 1774020109.7349246 robobot/cmd/ti rc 0 0.1
% 1774020109.7860253 robobot/cmd/ti rc 0 0.1
1774020109.7935789 0 0.010 0.004 0.695 29 0.00 0.00 0.000 0.000 0 0.000 0.695 0.0001 0.6947
1774020109.8088233 0 0.010 0.004 0.695 29 0.00 0.00 0.000 0.000 0 0.000 0.695 0.0001 0.6947
% 1774020109.8373718 robobot/cmd/ti rc 0 0.1
1774020109.842554 0 0.010 0.005 0.696 29 0.00 0.00 0.000 0.000 0 0.000 0.696 0.0001 0.6963
1774020109.867615 0 0.010 0.004 0.701 29 0.00 0.00 0.000 0.000 0 0.000 0.701 0.0002 0.7010
% 1774020109.8882873 robobot/cmd/ti rc 0 0.1
% 1774020109.9393384 robobot/cmd/ti rc 0 0.1
1774020109.9487035 0 0.010 0.004 0.709 29 0.00 0.00 0.000 0.000 0 -0.000 0.709 -0.0000 0.7088
1774020109.949334 0 0.010 0.004 0.714 29 0.00 0.00 0.000 0.000 0 -0.000 0.714 -0.0002 0.7135
1774020109.9695997 0 0.010 0.004 0.723 29 0.00 0.00 0.000 0.000 0 -0.000 0.723 -0.0003 0.7229
% 1774020109.9904156 robobot/cmd/ti rc 0 0.1
1774020109.9949381 0 0.010 0.004 0.732 30 0.00 0.00 0.000 0.000 0 -0.000 0.732 -0.0002 0.7323
% 1774020110.0015097 robobot/cmd/ti alive 2026-03-20 16:21:37.136012
% 1774020110.0426364 robobot/cmd/ti rc 0 0.1
1774020110.0530975 0 0.010 0.004 0.735 30 0.00 0.00 0.000 0.000 0 -0.000 0.735 -0.0002 0.7354
1774020110.0795753 0 0.010 0.005 0.737 30 0.00 0.00 0.000 0.000 0 -0.000 0.737 -0.0002 0.7370
% 1774020110.0933187 robobot/cmd/ti rc 0 0.1
1774020110.1046348 0 0.010 0.005 0.737 30 0.00 0.00 0.000 0.000 0 -0.000 0.737 -0.0001 0.7370
% 1774020110.1444519 robobot/cmd/ti rc 0 0.1
1774020110.1947765 0 0.010 0.005 0.737 30 0.00 0.00 0.000 0.000 0 -0.000 0.737 -0.0001 0.7370
% 1774020110.1955602 robobot/cmd/ti rc 0 0.1
% 1774020110.2462773 robobot/cmd/ti rc 0 0.1
1774020110.259925 0 0.010 0.005 0.737 30 0.00 0.00 0.000 0.000 0 -0.000 0.737 -0.0001 0.7370
1774020110.2627707 0 0.010 0.005 0.737 30 0.00 0.00 0.000 0.000 0 -0.000 0.737 -0.0001 0.7370
1774020110.2644148 0 0.010 0.005 0.737 30 0.00 0.00 0.000 0.000 0 -0.000 0.737 -0.0001 0.7370
1774020110.2847202 0 0.010 0.005 0.737 30 0.00 0.00 0.000 0.000 0 -0.000 0.737 -0.0000 0.7370
% 1774020110.2972713 robobot/cmd/ti rc 0 0.1
1774020110.318122 0 0.010 0.005 0.737 30 0.00 0.00 0.000 0.000 0 -0.000 0.737 -0.0000 0.7370
1774020110.3188345 0 0.010 0.005 0.737 30 0.00 0.00 0.000 0.000 0 -0.000 0.737 -0.0000 0.7370
% 1774020110.3484597 robobot/cmd/ti rc 0 0.1
1774020110.3770761 0 0.010 0.005 0.737 30 0.00 0.00 0.000 0.000 0 -0.000 0.737 -0.0000 0.7370
% 1774020110.3996875 robobot/cmd/ti rc 0 0.1
1774020110.4082472 0 0.010 0.005 0.739 31 0.00 0.00 0.000 0.000 0 -0.000 0.739 -0.0000 0.7385
1774020110.431431 0 0.010 0.005 0.739 31 0.00 0.00 0.000 0.000 0 -0.000 0.739 -0.0000 0.7385
% 1774020110.450729 robobot/cmd/ti rc 0 -0.1
1774020110.4679818 0 0.010 0.005 0.740 31 0.00 0.00 0.000 0.000 0 -0.000 0.740 -0.0000 0.7401
1774020110.495407 0 0.010 0.005 0.740 31 0.00 0.00 0.000 0.000 0 0.000 0.740 0.0000 0.7401
% 1774020110.5015965 robobot/cmd/ti rc 0 -0.1
% 1774020110.5079052 robobot/cmd/ti alive 2026-03-20 16:21:37.136012
1774020110.5521166 0 0.010 0.005 0.742 31 0.00 0.00 0.000 0.000 0 0.000 0.742 0.0000 0.7416
% 1774020110.5531259 robobot/cmd/ti rc 0 -0.1
% 1774020110.6038532 robobot/cmd/ti rc 0 -0.1
% 1774020110.654728 robobot/cmd/ti rc 0 -0.1
1774020110.663079 0 0.011 0.005 0.743 31 0.00 0.00 0.000 0.000 0 0.000 0.743 0.0001 0.7432
1774020110.6654716 0 0.011 0.005 0.743 31 0.00 0.00 0.000 0.000 0 0.000 0.743 0.0001 0.7432
1774020110.6669989 0 0.011 0.005 0.743 31 0.00 0.00 0.000 0.000 0 0.000 0.743 0.0001 0.7432
1774020110.687367 0 0.011 0.005 0.743 31 0.00 0.00 0.000 0.000 0 0.000 0.743 0.0002 0.7432
% 1774020110.7057886 robobot/cmd/ti rc 0 -0.1
1774020110.7427998 0 0.011 0.005 0.743 31 0.00 0.00 0.000 0.000 0 0.000 0.743 0.0002 0.7432
1774020110.744009 0 0.011 0.005 0.743 31 0.00 0.00 0.000 0.000 0 0.000 0.743 0.0002 0.7432
% 1774020110.7567716 robobot/cmd/ti rc 0 -0.1
1774020110.7803564 0 0.011 0.005 0.743 31 0.00 0.00 0.000 0.000 0 0.000 0.743 0.0003 0.7432
1774020110.8052409 0 0.011 0.005 0.743 32 0.00 0.00 0.000 0.000 0 0.000 0.743 0.0003 0.7432
% 1774020110.819385 robobot/cmd/ti rc 0 -0.1
1774020110.8279326 0 0.011 0.005 0.743 32 0.00 0.00 0.000 0.000 0 0.000 0.743 0.0003 0.7432
% 1774020110.871145 robobot/cmd/ti rc 0 -0.1
1774020110.897309 0 0.011 0.005 0.742 32 0.00 0.00 0.000 0.000 0 0.000 0.742 0.0004 0.7416
1774020110.9215791 0 0.011 0.005 0.740 32 0.00 0.00 0.000 0.000 0 0.000 0.740 0.0004 0.7401
% 1774020110.9222865 robobot/cmd/ti rc 0 -0.1
1774020110.9236357 0 0.011 0.005 0.740 32 0.00 0.00 0.000 0.000 0 0.000 0.740 0.0004 0.7401
% 1774020110.9735928 robobot/cmd/ti rc 0 -0.1
1774020110.999893 0 0.010 0.005 0.739 32 0.00 0.00 0.000 0.000 0 0.000 0.739 0.0004 0.7385
1774020111.0015075 0 0.010 0.004 0.731 32 0.00 0.00 0.000 0.000 0 0.000 0.731 0.0002 0.7307
1774020111.013033 0 0.010 0.004 0.731 32 0.00 0.00 0.000 0.000 0 -0.000 0.731 -0.0000 0.7307
% 1774020111.0254407 robobot/cmd/ti rc 0 -0.1
% 1774020111.0303857 robobot/cmd/ti alive 2026-03-20 16:21:37.136012
% 1774020111.076558 robobot/cmd/ti rc 0 -0.1
1774020111.091648 0 0.010 0.004 0.732 32 0.00 0.00 0.000 0.000 0 -0.001 0.732 -0.0007 0.7323
1774020111.1063435 0 0.010 0.004 0.732 32 0.00 0.00 0.000 0.000 0 -0.001 0.732 -0.0009 0.7323
1774020111.1191885 0 0.010 0.005 0.731 32 0.00 0.00 0.000 0.000 0 -0.001 0.731 -0.0010 0.7307
% 1774020111.1284633 robobot/cmd/ti rc 0 -0.1
1774020111.1642203 0 0.010 0.005 0.731 32 0.00 0.00 0.000 0.000 0 -0.001 0.731 -0.0012 0.7307
% 1774020111.180519 robobot/cmd/ti rc 0 -0.1
1774020111.2062752 0 0.010 0.005 0.731 33 0.00 0.00 0.000 0.000 0 -0.001 0.731 -0.0013 0.7307
1774020111.2076888 0 0.010 0.005 0.729 33 0.00 0.00 0.000 0.000 0 -0.001 0.729 -0.0014 0.7291
% 1774020111.2331884 robobot/cmd/ti rc 0 -0.1
1774020111.2759526 0 0.011 0.005 0.723 33 0.00 0.00 0.000 0.000 0 -0.001 0.723 -0.0012 0.7229
% 1774020111.2843401 robobot/cmd/ti rc 0 -0.1
1774020111.3015423 0 0.011 0.005 0.720 33 0.00 0.00 0.000 0.000 0 -0.001 0.720 -0.0009 0.7197
1774020111.3144686 0 0.011 0.005 0.718 33 0.00 0.00 0.000 0.000 0 -0.001 0.718 -0.0007 0.7182
% 1774020111.335098 robobot/cmd/ti rc 0 -0.1
1774020111.3804555 0 0.011 0.005 0.717 33 0.00 0.00 0.000 0.000 0 -0.000 0.717 -0.0001 0.7166
% 1774020111.3862486 robobot/cmd/ti rc 0 -0.1
1774020111.4050806 0 0.010 0.005 0.712 33 0.00 0.00 0.000 0.000 0 0.000 0.712 0.0002 0.7119
1774020111.4308205 0 0.010 0.005 0.710 33 0.00 0.00 0.000 0.000 0 0.000 0.710 0.0002 0.7104
% 1774020111.4369967 robobot/cmd/ti rc 0 -0.1
1774020111.4763825 0 0.010 0.004 0.707 33 0.00 0.00 0.000 0.000 0 -0.000 0.707 -0.0002 0.7072
% 1774020111.4878814 robobot/cmd/ti rc 0 -0.1
1774020111.5006323 0 0.010 0.004 0.707 33 0.00 0.00 0.000 0.000 0 -0.000 0.707 -0.0005 0.7072
% 1774020111.5348027 robobot/cmd/ti alive 2026-03-20 16:21:37.136012
1774020111.5386965 0 0.010 0.004 0.707 33 0.00 0.00 0.000 0.000 0 -0.001 0.707 -0.0006 0.7072
% 1774020111.5392056 robobot/cmd/ti rc 0 -0.1
1774020111.5745125 0 0.010 0.004 0.707 34 0.00 0.00 0.000 0.000 0 -0.001 0.707 -0.0008 0.7072
% 1774020111.5924718 robobot/cmd/ti rc 0 -0.1
1774020111.6211019 0 0.010 0.004 0.707 34 0.00 0.00 0.000 0.000 0 -0.001 0.707 -0.0008 0.7072
1774020111.6223924 0 0.010 0.004 0.707 34 0.00 0.00 0.000 0.000 0 -0.001 0.707 -0.0009 0.7072
% 1774020111.643935 robobot/cmd/ti rc 0 -0.1
1774020111.666631 0 0.010 0.004 0.707 34 0.00 0.00 0.000 0.000 0 -0.001 0.707 -0.0009 0.7072
% 1774020111.6964493 robobot/cmd/ti rc 0 -0.1
1774020111.7014163 0 0.010 0.004 0.707 34 0.00 0.00 0.000 0.000 0 -0.001 0.707 -0.0010 0.7072
1774020111.7361476 0 0.010 0.004 0.707 34 0.00 0.00 0.000 0.000 0 -0.001 0.707 -0.0010 0.7072
% 1774020111.7477207 robobot/cmd/ti rc 0 -0.1
1774020111.769468 0 0.010 0.004 0.707 34 0.00 0.00 0.000 0.000 0 -0.001 0.707 -0.0010 0.7072
1774020111.7971303 0 0.010 0.004 0.704 34 0.00 0.00 0.000 0.000 0 -0.001 0.704 -0.0011 0.7041
% 1774020111.798933 robobot/cmd/ti rc 0 -0.1
1774020111.8301048 0 0.010 0.004 0.703 34 0.00 0.00 0.000 0.000 0 -0.001 0.703 -0.0011 0.7025
% 1774020111.8501594 robobot/cmd/ti rc 0 -0.1
1774020111.896868 0 0.009 0.004 0.695 34 0.00 0.00 0.000 0.000 0 -0.001 0.695 -0.0013 0.6947
1774020111.8984437 0 0.010 0.004 0.688 34 0.00 0.00 0.000 0.000 0 -0.001 0.688 -0.0015 0.6884
% 1774020111.900938 robobot/cmd/ti rc 0 -0.1
1774020111.9340436 0 0.010 0.004 0.687 34 0.00 0.00 0.000 0.000 0 -0.001 0.687 -0.0015 0.6869
% 1774020111.952387 robobot/cmd/ti rc 0 -0.1
1774020112.002507 0 0.010 0.005 0.684 34 0.00 0.00 0.000 0.000 0 -0.001 0.684 -0.0012 0.6838
% 1774020112.0038958 robobot/cmd/ti rc 0 -0.1
1774020112.0060728 0 0.010 0.005 0.684 34 0.00 0.00 0.000 0.000 0 -0.001 0.684 -0.0011 0.6838
1774020112.0297027 0 0.010 0.005 0.684 35 0.00 0.00 0.000 0.000 0 -0.001 0.684 -0.0010 0.6838
% 1774020112.0549278 robobot/cmd/ti alive 2026-03-20 16:21:37.136012
% 1774020112.0553403 robobot/cmd/ti rc 0 -0.1
1774020112.077454 0 0.010 0.005 0.684 35 0.00 0.00 0.000 0.000 0 -0.001 0.684 -0.0009 0.6838
1774020112.102043 0 0.010 0.005 0.684 35 0.00 0.00 0.000 0.000 0 -0.001 0.684 -0.0008 0.6838
% 1774020112.1073265 robobot/cmd/ti rc 0 -0.1
1774020112.1353347 0 0.010 0.005 0.684 35 0.00 0.00 0.000 0.000 0 -0.001 0.684 -0.0008 0.6838
% 1774020112.158617 robobot/cmd/ti rc 0 -0.1
1774020112.1734998 0 0.010 0.005 0.684 35 0.00 0.00 0.000 0.000 0 -0.001 0.684 -0.0008 0.6838
1774020112.2038913 0 0.010 0.005 0.682 35 0.00 0.00 0.000 0.000 0 -0.001 0.682 -0.0008 0.6822
% 1774020112.21014 robobot/cmd/ti rc 0 -0.1
1774020112.2274578 0 0.010 0.005 0.682 35 0.00 0.00 0.000 0.000 0 -0.001 0.682 -0.0008 0.6822
% 1774020112.2614233 robobot/cmd/ti rc 0 -0.1
1774020112.301099 0 0.010 0.005 0.682 35 0.00 0.00 0.000 0.000 0 -0.001 0.682 -0.0008 0.6822
1774020112.303034 0 0.010 0.005 0.682 35 0.00 0.00 0.000 0.000 0 -0.001 0.682 -0.0007 0.6822
% 1774020112.3126655 robobot/cmd/ti rc 0 -0.1
1774020112.3289044 0 0.010 0.005 0.681 35 0.00 0.00 0.000 0.000 0 -0.001 0.681 -0.0007 0.6806
% 1774020112.3649447 robobot/cmd/ti rc 0 -0.1
1774020112.3836696 0 0.011 0.005 0.679 35 0.00 0.00 0.000 0.000 0 -0.001 0.679 -0.0007 0.6791
1774020112.3987937 0 0.011 0.005 0.677 35 0.00 0.00 0.000 0.000 0 -0.001 0.677 -0.0006 0.6775
% 1774020112.4167268 robobot/cmd/ti rc 0 -0.1
1774020112.4434056 0 0.011 0.005 0.676 36 0.00 0.00 0.000 0.000 0 -0.001 0.676 -0.0006 0.6759
1774020112.4676526 0 0.010 0.005 0.670 36 0.00 0.00 0.000 0.000 0 -0.000 0.670 -0.0005 0.6697
% 1774020112.4679468 robobot/cmd/ti rc 0 -0.1
% 1774020112.5187907 robobot/cmd/ti rc 0 -0.1
1774020112.5319152 0 0.010 0.004 0.663 36 0.00 0.00 0.000 0.000 0 -0.001 0.663 -0.0007 0.6634
1774020112.532955 0 0.010 0.004 0.656 36 0.00 0.00 0.000 0.000 0 -0.001 0.656 -0.0009 0.6556
% 1774020112.561008 robobot/cmd/ti alive 2026-03-20 16:21:37.136012
% 1774020112.5700326 robobot/cmd/ti rc 0 -0.1
1774020112.5739853 0 0.009 0.004 0.641 36 0.00 0.00 0.000 0.000 0 -0.002 0.641 -0.0019 0.6415
% 1774020112.6216974 robobot/cmd/ti rc 0 -0.1
1774020112.6329064 0 0.009 0.004 0.631 36 0.00 0.00 0.000 0.000 0 -0.002 0.631 -0.0021 0.6306
1774020112.6345384 0 0.010 0.004 0.627 36 0.00 0.00 0.000 0.000 0 -0.002 0.627 -0.0023 0.6274
% 1774020112.673475 robobot/cmd/ti rc 0 -0.1
1774020112.6805696 0 0.010 0.005 0.624 36 0.00 0.00 0.000 0.000 0 -0.002 0.624 -0.0018 0.6243
% 1774020112.7250276 robobot/cmd/ti rc 0 -0.1
1774020112.7294972 0 0.010 0.005 0.624 36 0.00 0.00 0.000 0.000 0 -0.002 0.624 -0.0016 0.6243
1774020112.7307668 0 0.010 0.005 0.624 36 0.00 0.00 0.000 0.000 0 -0.001 0.624 -0.0015 0.6243
% 1774020112.7762153 robobot/cmd/ti rc 0 -0.1
1774020112.7768188 0 0.010 0.005 0.624 36 0.00 0.00 0.000 0.000 0 -0.001 0.624 -0.0012 0.6243
1774020112.800799 0 0.010 0.004 0.623 37 0.00 0.00 0.000 0.000 0 -0.001 0.623 -0.0010 0.6227
% 1774020112.827355 robobot/cmd/ti rc 0 -0.1
1774020112.8363445 0 0.010 0.004 0.623 37 0.00 0.00 0.000 0.000 0 -0.001 0.623 -0.0009 0.6227
% 1774020112.8795154 robobot/cmd/ti rc 0 -0.1
1774020112.881138 0 0.010 0.004 0.623 37 0.00 0.00 0.000 0.000 0 -0.001 0.623 -0.0007 0.6227
1774020112.9042866 0 0.010 0.004 0.620 37 0.00 0.00 0.000 0.000 0 -0.001 0.620 -0.0006 0.6196
% 1774020112.9303703 robobot/cmd/ti rc 0 -0.1
1774020112.9398975 0 0.009 0.004 0.613 37 0.00 0.00 0.000 0.000 0 -0.001 0.613 -0.0007 0.6133
1774020112.9703057 0 0.009 0.004 0.610 37 0.00 0.00 0.000 0.000 0 -0.001 0.610 -0.0015 0.6102
% 1774020112.9816387 robobot/cmd/ti rc 0 -0.1
1774020113.0079777 0 0.009 0.004 0.610 37 0.00 0.00 0.000 0.000 0 -0.002 0.610 -0.0018 0.6102
% 1774020113.0329196 robobot/cmd/ti rc 0 -0.1
1774020113.0334382 0 0.009 0.004 0.607 37 0.00 0.00 0.000 0.000 0 -0.002 0.607 -0.0020 0.6071
% 1774020113.0649009 robobot/cmd/ti alive 2026-03-20 16:21:37.136012
% 1774020113.0669532 robobot/cmd/ti rc 0.0 0.0
% 1774020113.0674493 robobot/cmd/ti rc 0.0 0.0
1774020113.07014 0 0.010 0.004 0.602 37 0.00 0.00 0.000 0.000 0 -0.002 0.602 -0.0021 0.6024
1774020113.1366525 0 0.010 0.004 0.601 37 0.00 0.00 0.000 0.000 0 -0.002 0.601 -0.0021 0.6008
1774020113.1378045 0 0.010 0.004 0.601 37 0.00 0.00 0.000 0.000 0 -0.002 0.601 -0.0020 0.6008
% 1774020113.1691265 robobot/cmd/ti rc 0.0 0.0
% 1774020113.169608 robobot/cmd/ti rc 0.0 0.0
% 1774020113.1913476 robobot/cmd/ti rc 0 0
1774020113.1915886 0 0.010 0.004 0.606 37 0.00 0.00 0.000 0.000 0 -0.002 0.606 -0.0021 0.6055
1774020113.2042887 0 0.010 0.004 0.606 38 0.00 0.00 0.000 0.000 0 -0.002 0.606 -0.0022 0.6055
% 1774020113.2122066 robobot/cmd/T0 stop
% 1774020113.212845 robobot/cmd/T0 leds 14 0 0 0
1774020113.2189834 0 0.010 0.004 0.606 38 0.00 0.00 0.000 0.000 0 -0.002 0.606 -0.0023 0.6055
% 1774020113.225496 robobot/cmd/T0 leds 15 0 0 0
% 1774020113.2262108 robobot/cmd/T0 leds 16 0 0 0
% 1774020113.2377098 robobot/cmd/ti log 0
